#All palettes created for this paper

#Color palette for time slices----
#colors are orderd to Paleocene, PETM, Eocene
timecolors <- c("#2EC4B6","#E71D36","#FF9F1C")

#time and basin color palette----
timebasincol <- c("#2EC4B6","#E71D36","#FF9F1C","#FDFFFC","#011627")

#Color palette of pie chart----
piecolors <- c("#15616D","#78290F","#FFA047")

#Color palette for TOC Lithology----
mycolors2 <- c("#F4F1DE","#E07A5F",
               "#E5A58A","#885959",
               "#B86C5E","#5F797B",
               "#3D405B","#81B29A",
               "#A4AB73","#6C719D",
               "#DB911A","#634040",
               "#C0D8CC")

palette <- c("#9986A5", "#CCBA72","#79402E", "#0F0D0E","#D9D0D3")
#Making palette for time intervals 
palette2 <- c("#0F0D0E","#D9D0D3","#CCBA72")

#Creating color palette
# mycolors <- c("#99d8c9","#9ebcda",
#               "#fdbb84","#c994c7",
#               "#edf8b1","#bcbddc",
#               "#2ca25f","#8856a7",
#               "#7fcdbb","#dd1c77",
#               "#2c7fb8","#756bb1",
#               "#636363")
# 
# mycolors2 <- c("#F4F1DE","#E07A5F",
#                "#E5A58A","#885959",
#                "#B86C5E","#5F797B",
#                "#3D405B","#81B29A",
#                "#A4AB73","#6C719D",
#                "#DB911A","#634040",
#                "#C0D8CC")

updatedcolors <- c("#6C719D","#81B29A",
                   "#E5A58A", "#E07A5F")
